{
  "themes": [
    "Ai Tools",
    "Active Learning",
    "Assessment Design",
    "Metacognition",
    "Equity Inclusion",
    "Student Motivation",
    "Feedback Practices",
    "Course Setup",
    "Technology Tools",
    "Faculty Development",
    "Scaffolding",
    "Student Wellbeing",
    "Industry Connection",
    "Communication",
    "Evidence Based"
  ],
  "matrix": [
    [
      1.0,
      -0.102,
      -0.01,
      -0.123,
      -0.089,
      -0.147,
      -0.158,
      0.161,
      -0.021,
      0.01,
      -0.107,
      -0.086,
      -0.076,
      -0.03,
      -0.097
    ],
    [
      -0.102,
      1.0,
      -0.052,
      -0.092,
      -0.061,
      -0.011,
      -0.09,
      -0.032,
      -0.04,
      -0.066,
      0.018,
      -0.018,
      -0.112,
      0.051,
      0.001
    ],
    [
      -0.01,
      -0.052,
      1.0,
      0.056,
      -0.143,
      -0.158,
      0.311,
      0.013,
      -0.076,
      0.09,
      -0.05,
      -0.058,
      -0.102,
      -0.016,
      0.191
    ],
    [
      -0.123,
      -0.092,
      0.056,
      1.0,
      -0.145,
      -0.075,
      0.101,
      -0.14,
      -0.198,
      -0.01,
      -0.032,
      0.052,
      -0.093,
      -0.079,
      0.111
    ],
    [
      -0.089,
      -0.061,
      -0.143,
      -0.145,
      1.0,
      0.103,
      -0.095,
      0.094,
      0.104,
      0.053,
      -0.02,
      0.009,
      0.012,
      -0.082,
      -0.11
    ],
    [
      -0.147,
      -0.011,
      -0.158,
      -0.075,
      0.103,
      1.0,
      -0.073,
      -0.027,
      -0.091,
      -0.137,
      0.152,
      -0.038,
      0.074,
      -0.106,
      0.106
    ],
    [
      -0.158,
      -0.09,
      0.311,
      0.101,
      -0.095,
      -0.073,
      1.0,
      -0.099,
      -0.14,
      0.016,
      -0.105,
      -0.125,
      -0.067,
      -0.052,
      0.058
    ],
    [
      0.161,
      -0.032,
      0.013,
      -0.14,
      0.094,
      -0.027,
      -0.099,
      1.0,
      0.195,
      -0.035,
      -0.157,
      -0.074,
      -0.095,
      -0.015,
      -0.139
    ],
    [
      -0.021,
      -0.04,
      -0.076,
      -0.198,
      0.104,
      -0.091,
      -0.14,
      0.195,
      1.0,
      -0.033,
      -0.063,
      -0.154,
      -0.145,
      -0.111,
      0.012
    ],
    [
      0.01,
      -0.066,
      0.09,
      -0.01,
      0.053,
      -0.137,
      0.016,
      -0.035,
      -0.033,
      1.0,
      -0.035,
      -0.042,
      0.177,
      0.109,
      -0.121
    ],
    [
      -0.107,
      0.018,
      -0.05,
      -0.032,
      -0.02,
      0.152,
      -0.105,
      -0.157,
      -0.063,
      -0.035,
      1.0,
      -0.037,
      -0.199,
      0.067,
      0.252
    ],
    [
      -0.086,
      -0.018,
      -0.058,
      0.052,
      0.009,
      -0.038,
      -0.125,
      -0.074,
      -0.154,
      -0.042,
      -0.037,
      1.0,
      -0.054,
      -0.016,
      -0.149
    ],
    [
      -0.076,
      -0.112,
      -0.102,
      -0.093,
      0.012,
      0.074,
      -0.067,
      -0.095,
      -0.145,
      0.177,
      -0.199,
      -0.054,
      1.0,
      0.023,
      0.08
    ],
    [
      -0.03,
      0.051,
      -0.016,
      -0.079,
      -0.082,
      -0.106,
      -0.052,
      -0.015,
      -0.111,
      0.109,
      0.067,
      -0.016,
      0.023,
      1.0,
      -0.265
    ],
    [
      -0.097,
      0.001,
      0.191,
      0.111,
      -0.11,
      0.106,
      0.058,
      -0.139,
      0.012,
      -0.121,
      0.252,
      -0.149,
      0.08,
      -0.265,
      1.0
    ]
  ],
  "nodes": [
    {
      "id": "Ai Tools",
      "connections": 2,
      "meanScore": 1.036
    },
    {
      "id": "Active Learning",
      "connections": 0,
      "meanScore": 0.556
    },
    {
      "id": "Assessment Design",
      "connections": 3,
      "meanScore": 1.529
    },
    {
      "id": "Metacognition",
      "connections": 1,
      "meanScore": 0.437
    },
    {
      "id": "Equity Inclusion",
      "connections": 0,
      "meanScore": 1.292
    },
    {
      "id": "Student Motivation",
      "connections": 2,
      "meanScore": 0.897
    },
    {
      "id": "Feedback Practices",
      "connections": 2,
      "meanScore": 0.939
    },
    {
      "id": "Course Setup",
      "connections": 3,
      "meanScore": 0.828
    },
    {
      "id": "Technology Tools",
      "connections": 3,
      "meanScore": 2.261
    },
    {
      "id": "Faculty Development",
      "connections": 1,
      "meanScore": 1.045
    },
    {
      "id": "Scaffolding",
      "connections": 4,
      "meanScore": 0.767
    },
    {
      "id": "Student Wellbeing",
      "connections": 1,
      "meanScore": 0.733
    },
    {
      "id": "Industry Connection",
      "connections": 2,
      "meanScore": 0.932
    },
    {
      "id": "Communication",
      "connections": 1,
      "meanScore": 1.033
    },
    {
      "id": "Evidence Based",
      "connections": 3,
      "meanScore": 0.922
    }
  ],
  "links": [
    {
      "source": "Ai Tools",
      "target": "Feedback Practices",
      "r": -0.158,
      "type": "rivalry"
    },
    {
      "source": "Ai Tools",
      "target": "Course Setup",
      "r": 0.161,
      "type": "alliance"
    },
    {
      "source": "Assessment Design",
      "target": "Student Motivation",
      "r": -0.158,
      "type": "rivalry"
    },
    {
      "source": "Assessment Design",
      "target": "Feedback Practices",
      "r": 0.311,
      "type": "alliance"
    },
    {
      "source": "Assessment Design",
      "target": "Evidence Based",
      "r": 0.191,
      "type": "alliance"
    },
    {
      "source": "Metacognition",
      "target": "Technology Tools",
      "r": -0.198,
      "type": "rivalry"
    },
    {
      "source": "Student Motivation",
      "target": "Scaffolding",
      "r": 0.152,
      "type": "alliance"
    },
    {
      "source": "Course Setup",
      "target": "Technology Tools",
      "r": 0.195,
      "type": "alliance"
    },
    {
      "source": "Course Setup",
      "target": "Scaffolding",
      "r": -0.157,
      "type": "rivalry"
    },
    {
      "source": "Technology Tools",
      "target": "Student Wellbeing",
      "r": -0.154,
      "type": "rivalry"
    },
    {
      "source": "Faculty Development",
      "target": "Industry Connection",
      "r": 0.177,
      "type": "alliance"
    },
    {
      "source": "Scaffolding",
      "target": "Industry Connection",
      "r": -0.199,
      "type": "rivalry"
    },
    {
      "source": "Scaffolding",
      "target": "Evidence Based",
      "r": 0.252,
      "type": "alliance"
    },
    {
      "source": "Communication",
      "target": "Evidence Based",
      "r": -0.265,
      "type": "rivalry"
    }
  ],
  "alliances": [
    {
      "pair": "Assessment Design & Feedback Practices",
      "r": 0.311
    },
    {
      "pair": "Scaffolding & Evidence Based",
      "r": 0.252
    },
    {
      "pair": "Course Setup & Technology Tools",
      "r": 0.195
    },
    {
      "pair": "Assessment Design & Evidence Based",
      "r": 0.191
    },
    {
      "pair": "Faculty Development & Industry Connection",
      "r": 0.177
    }
  ],
  "rivalries": [
    {
      "pair": "Communication & Evidence Based",
      "r": -0.265
    },
    {
      "pair": "Scaffolding & Industry Connection",
      "r": -0.199
    },
    {
      "pair": "Metacognition & Technology Tools",
      "r": -0.198
    },
    {
      "pair": "Ai Tools & Feedback Practices",
      "r": -0.158
    },
    {
      "pair": "Assessment Design & Student Motivation",
      "r": -0.158
    }
  ],
  "summary": "14 connections (7 alliances, 7 rivalries)",
  "significant_pairs": [
    {
      "pair": "Assessment Design & Feedback Practices",
      "r": 0.311
    },
    {
      "pair": "Scaffolding & Evidence Based",
      "r": 0.252
    },
    {
      "pair": "Course Setup & Technology Tools",
      "r": 0.195
    },
    {
      "pair": "Communication & Evidence Based",
      "r": -0.265
    },
    {
      "pair": "Scaffolding & Industry Connection",
      "r": -0.199
    },
    {
      "pair": "Metacognition & Technology Tools",
      "r": -0.198
    }
  ]
}