{
  "themes": [
    "Ai Tools",
    "Active Learning",
    "Assessment Design",
    "Metacognition",
    "Equity Inclusion",
    "Student Motivation",
    "Feedback Practices",
    "Course Setup",
    "Technology Tools",
    "Faculty Development",
    "Scaffolding",
    "Student Wellbeing",
    "Industry Connection",
    "Communication",
    "Evidence Based"
  ],
  "matrix": [
    [
      1.0,
      -0.102,
      -0.01,
      -0.123,
      -0.089,
      -0.147,
      -0.158,
      0.161,
      -0.021,
      0.01,
      -0.107,
      -0.086,
      -0.076,
      -0.03,
      -0.097
    ],
    [
      -0.102,
      1.0,
      -0.052,
      -0.092,
      -0.061,
      -0.011,
      -0.09,
      -0.032,
      -0.04,
      -0.066,
      0.018,
      -0.018,
      -0.112,
      0.051,
      0.001
    ],
    [
      -0.01,
      -0.052,
      1.0,
      0.056,
      -0.143,
      -0.158,
      0.311,
      0.013,
      -0.076,
      0.09,
      -0.05,
      -0.058,
      -0.102,
      -0.016,
      0.191
    ],
    [
      -0.123,
      -0.092,
      0.056,
      1.0,
      -0.145,
      -0.075,
      0.101,
      -0.14,
      -0.198,
      -0.01,
      -0.032,
      0.052,
      -0.093,
      -0.079,
      0.111
    ],
    [
      -0.089,
      -0.061,
      -0.143,
      -0.145,
      1.0,
      0.103,
      -0.095,
      0.094,
      0.104,
      0.053,
      -0.02,
      0.009,
      0.012,
      -0.082,
      -0.11
    ],
    [
      -0.147,
      -0.011,
      -0.158,
      -0.075,
      0.103,
      1.0,
      -0.073,
      -0.027,
      -0.091,
      -0.137,
      0.152,
      -0.038,
      0.074,
      -0.106,
      0.106
    ],
    [
      -0.158,
      -0.09,
      0.311,
      0.101,
      -0.095,
      -0.073,
      1.0,
      -0.099,
      -0.14,
      0.016,
      -0.105,
      -0.125,
      -0.067,
      -0.052,
      0.058
    ],
    [
      0.161,
      -0.032,
      0.013,
      -0.14,
      0.094,
      -0.027,
      -0.099,
      1.0,
      0.195,
      -0.035,
      -0.157,
      -0.074,
      -0.095,
      -0.015,
      -0.139
    ],
    [
      -0.021,
      -0.04,
      -0.076,
      -0.198,
      0.104,
      -0.091,
      -0.14,
      0.195,
      1.0,
      -0.033,
      -0.063,
      -0.154,
      -0.145,
      -0.111,
      0.012
    ],
    [
      0.01,
      -0.066,
      0.09,
      -0.01,
      0.053,
      -0.137,
      0.016,
      -0.035,
      -0.033,
      1.0,
      -0.035,
      -0.042,
      0.177,
      0.109,
      -0.121
    ],
    [
      -0.107,
      0.018,
      -0.05,
      -0.032,
      -0.02,
      0.152,
      -0.105,
      -0.157,
      -0.063,
      -0.035,
      1.0,
      -0.037,
      -0.199,
      0.067,
      0.252
    ],
    [
      -0.086,
      -0.018,
      -0.058,
      0.052,
      0.009,
      -0.038,
      -0.125,
      -0.074,
      -0.154,
      -0.042,
      -0.037,
      1.0,
      -0.054,
      -0.016,
      -0.149
    ],
    [
      -0.076,
      -0.112,
      -0.102,
      -0.093,
      0.012,
      0.074,
      -0.067,
      -0.095,
      -0.145,
      0.177,
      -0.199,
      -0.054,
      1.0,
      0.023,
      0.08
    ],
    [
      -0.03,
      0.051,
      -0.016,
      -0.079,
      -0.082,
      -0.106,
      -0.052,
      -0.015,
      -0.111,
      0.109,
      0.067,
      -0.016,
      0.023,
      1.0,
      -0.265
    ],
    [
      -0.097,
      0.001,
      0.191,
      0.111,
      -0.11,
      0.106,
      0.058,
      -0.139,
      0.012,
      -0.121,
      0.252,
      -0.149,
      0.08,
      -0.265,
      1.0
    ]
  ],
  "significant_pairs": [
    {
      "theme1": "Assessment Design",
      "theme2": "Feedback Practices",
      "r": 0.311,
      "p": 0.005933
    },
    {
      "theme1": "Communication",
      "theme2": "Evidence Based",
      "r": -0.265,
      "p": 0.019823
    },
    {
      "theme1": "Scaffolding",
      "theme2": "Evidence Based",
      "r": 0.252,
      "p": 0.02688
    }
  ]
}